{
 "cells": [
  {
   "cell_type": "code",
   "execution_count": 2,
   "metadata": {
    "collapsed": true
   },
   "outputs": [],
   "source": [
    "import pandas as pd"
   ]
  },
  {
   "cell_type": "code",
   "execution_count": 3,
   "metadata": {
    "collapsed": true
   },
   "outputs": [],
   "source": [
    "import numpy as np"
   ]
  },
  {
   "cell_type": "code",
   "execution_count": null,
   "metadata": {
    "collapsed": true
   },
   "outputs": [],
   "source": []
  },
  {
   "cell_type": "code",
   "execution_count": 39,
   "metadata": {
    "collapsed": true
   },
   "outputs": [],
   "source": [
    "df_stg2_submission01 =\\\n",
    "pd.read_csv(\"/home/Kaggle_Cervical_Cancer_Screening/submission/submission_SEGPA_10_014_stg2.csv\")"
   ]
  },
  {
   "cell_type": "code",
   "execution_count": 38,
   "metadata": {
    "collapsed": true
   },
   "outputs": [],
   "source": [
    "df_stg2_submission02 =\\\n",
    "pd.read_csv(\"/home/Kaggle_Cervical_Cancer_Screening/submission/submission_LB04_stg2.csv\")"
   ]
  },
  {
   "cell_type": "code",
   "execution_count": 40,
   "metadata": {
    "collapsed": false
   },
   "outputs": [
    {
     "data": {
      "text/html": [
       "<div>\n",
       "<table border=\"1\" class=\"dataframe\">\n",
       "  <thead>\n",
       "    <tr style=\"text-align: right;\">\n",
       "      <th></th>\n",
       "      <th>image_name</th>\n",
       "      <th>Type_1</th>\n",
       "      <th>Type_2</th>\n",
       "      <th>Type_3</th>\n",
       "    </tr>\n",
       "  </thead>\n",
       "  <tbody>\n",
       "    <tr>\n",
       "      <th>0</th>\n",
       "      <td>0.jpg</td>\n",
       "      <td>0.153183</td>\n",
       "      <td>0.804803</td>\n",
       "      <td>0.042014</td>\n",
       "    </tr>\n",
       "    <tr>\n",
       "      <th>1</th>\n",
       "      <td>1.jpg</td>\n",
       "      <td>0.009508</td>\n",
       "      <td>0.476723</td>\n",
       "      <td>0.513769</td>\n",
       "    </tr>\n",
       "    <tr>\n",
       "      <th>2</th>\n",
       "      <td>2.jpg</td>\n",
       "      <td>0.359536</td>\n",
       "      <td>0.477341</td>\n",
       "      <td>0.163124</td>\n",
       "    </tr>\n",
       "    <tr>\n",
       "      <th>3</th>\n",
       "      <td>3.jpg</td>\n",
       "      <td>0.038587</td>\n",
       "      <td>0.652838</td>\n",
       "      <td>0.308575</td>\n",
       "    </tr>\n",
       "    <tr>\n",
       "      <th>4</th>\n",
       "      <td>4.jpg</td>\n",
       "      <td>0.065565</td>\n",
       "      <td>0.339621</td>\n",
       "      <td>0.594814</td>\n",
       "    </tr>\n",
       "    <tr>\n",
       "      <th>5</th>\n",
       "      <td>5.jpg</td>\n",
       "      <td>0.080136</td>\n",
       "      <td>0.910413</td>\n",
       "      <td>0.009450</td>\n",
       "    </tr>\n",
       "    <tr>\n",
       "      <th>6</th>\n",
       "      <td>6.jpg</td>\n",
       "      <td>0.350091</td>\n",
       "      <td>0.599018</td>\n",
       "      <td>0.050891</td>\n",
       "    </tr>\n",
       "    <tr>\n",
       "      <th>7</th>\n",
       "      <td>7.jpg</td>\n",
       "      <td>0.157002</td>\n",
       "      <td>0.542206</td>\n",
       "      <td>0.300792</td>\n",
       "    </tr>\n",
       "    <tr>\n",
       "      <th>8</th>\n",
       "      <td>8.jpg</td>\n",
       "      <td>0.078292</td>\n",
       "      <td>0.571004</td>\n",
       "      <td>0.350704</td>\n",
       "    </tr>\n",
       "    <tr>\n",
       "      <th>9</th>\n",
       "      <td>9.jpg</td>\n",
       "      <td>0.123914</td>\n",
       "      <td>0.627930</td>\n",
       "      <td>0.248156</td>\n",
       "    </tr>\n",
       "    <tr>\n",
       "      <th>10</th>\n",
       "      <td>10.jpg</td>\n",
       "      <td>0.066629</td>\n",
       "      <td>0.890807</td>\n",
       "      <td>0.042564</td>\n",
       "    </tr>\n",
       "    <tr>\n",
       "      <th>11</th>\n",
       "      <td>11.jpg</td>\n",
       "      <td>0.092949</td>\n",
       "      <td>0.473752</td>\n",
       "      <td>0.433300</td>\n",
       "    </tr>\n",
       "    <tr>\n",
       "      <th>12</th>\n",
       "      <td>12.jpg</td>\n",
       "      <td>0.071084</td>\n",
       "      <td>0.254067</td>\n",
       "      <td>0.674849</td>\n",
       "    </tr>\n",
       "    <tr>\n",
       "      <th>13</th>\n",
       "      <td>13.jpg</td>\n",
       "      <td>0.122115</td>\n",
       "      <td>0.442922</td>\n",
       "      <td>0.434963</td>\n",
       "    </tr>\n",
       "    <tr>\n",
       "      <th>14</th>\n",
       "      <td>14.jpg</td>\n",
       "      <td>0.255833</td>\n",
       "      <td>0.582475</td>\n",
       "      <td>0.161692</td>\n",
       "    </tr>\n",
       "    <tr>\n",
       "      <th>15</th>\n",
       "      <td>15.jpg</td>\n",
       "      <td>0.189545</td>\n",
       "      <td>0.452463</td>\n",
       "      <td>0.357992</td>\n",
       "    </tr>\n",
       "    <tr>\n",
       "      <th>16</th>\n",
       "      <td>16.jpg</td>\n",
       "      <td>0.100630</td>\n",
       "      <td>0.461007</td>\n",
       "      <td>0.438363</td>\n",
       "    </tr>\n",
       "    <tr>\n",
       "      <th>17</th>\n",
       "      <td>17.jpg</td>\n",
       "      <td>0.190459</td>\n",
       "      <td>0.614846</td>\n",
       "      <td>0.194695</td>\n",
       "    </tr>\n",
       "    <tr>\n",
       "      <th>18</th>\n",
       "      <td>18.jpg</td>\n",
       "      <td>0.385134</td>\n",
       "      <td>0.499366</td>\n",
       "      <td>0.115501</td>\n",
       "    </tr>\n",
       "    <tr>\n",
       "      <th>19</th>\n",
       "      <td>19.jpg</td>\n",
       "      <td>0.025678</td>\n",
       "      <td>0.665194</td>\n",
       "      <td>0.309127</td>\n",
       "    </tr>\n",
       "    <tr>\n",
       "      <th>20</th>\n",
       "      <td>20.jpg</td>\n",
       "      <td>0.532990</td>\n",
       "      <td>0.462965</td>\n",
       "      <td>0.004045</td>\n",
       "    </tr>\n",
       "    <tr>\n",
       "      <th>21</th>\n",
       "      <td>21.jpg</td>\n",
       "      <td>0.080273</td>\n",
       "      <td>0.901570</td>\n",
       "      <td>0.018157</td>\n",
       "    </tr>\n",
       "    <tr>\n",
       "      <th>22</th>\n",
       "      <td>22.jpg</td>\n",
       "      <td>0.436556</td>\n",
       "      <td>0.428004</td>\n",
       "      <td>0.135440</td>\n",
       "    </tr>\n",
       "    <tr>\n",
       "      <th>23</th>\n",
       "      <td>23.jpg</td>\n",
       "      <td>0.224179</td>\n",
       "      <td>0.407853</td>\n",
       "      <td>0.367968</td>\n",
       "    </tr>\n",
       "    <tr>\n",
       "      <th>24</th>\n",
       "      <td>24.jpg</td>\n",
       "      <td>0.171995</td>\n",
       "      <td>0.712904</td>\n",
       "      <td>0.115101</td>\n",
       "    </tr>\n",
       "    <tr>\n",
       "      <th>25</th>\n",
       "      <td>25.jpg</td>\n",
       "      <td>0.053526</td>\n",
       "      <td>0.802352</td>\n",
       "      <td>0.144122</td>\n",
       "    </tr>\n",
       "    <tr>\n",
       "      <th>26</th>\n",
       "      <td>26.jpg</td>\n",
       "      <td>0.256917</td>\n",
       "      <td>0.566512</td>\n",
       "      <td>0.176571</td>\n",
       "    </tr>\n",
       "    <tr>\n",
       "      <th>27</th>\n",
       "      <td>27.jpg</td>\n",
       "      <td>0.048608</td>\n",
       "      <td>0.744495</td>\n",
       "      <td>0.206897</td>\n",
       "    </tr>\n",
       "    <tr>\n",
       "      <th>28</th>\n",
       "      <td>28.jpg</td>\n",
       "      <td>0.095266</td>\n",
       "      <td>0.874363</td>\n",
       "      <td>0.030370</td>\n",
       "    </tr>\n",
       "    <tr>\n",
       "      <th>29</th>\n",
       "      <td>29.jpg</td>\n",
       "      <td>0.063324</td>\n",
       "      <td>0.689190</td>\n",
       "      <td>0.247486</td>\n",
       "    </tr>\n",
       "    <tr>\n",
       "      <th>...</th>\n",
       "      <td>...</td>\n",
       "      <td>...</td>\n",
       "      <td>...</td>\n",
       "      <td>...</td>\n",
       "    </tr>\n",
       "    <tr>\n",
       "      <th>482</th>\n",
       "      <td>482.jpg</td>\n",
       "      <td>0.794504</td>\n",
       "      <td>0.203059</td>\n",
       "      <td>0.002436</td>\n",
       "    </tr>\n",
       "    <tr>\n",
       "      <th>483</th>\n",
       "      <td>483.jpg</td>\n",
       "      <td>0.463074</td>\n",
       "      <td>0.498873</td>\n",
       "      <td>0.038053</td>\n",
       "    </tr>\n",
       "    <tr>\n",
       "      <th>484</th>\n",
       "      <td>484.jpg</td>\n",
       "      <td>0.121855</td>\n",
       "      <td>0.464291</td>\n",
       "      <td>0.413854</td>\n",
       "    </tr>\n",
       "    <tr>\n",
       "      <th>485</th>\n",
       "      <td>485.jpg</td>\n",
       "      <td>0.038985</td>\n",
       "      <td>0.208252</td>\n",
       "      <td>0.752763</td>\n",
       "    </tr>\n",
       "    <tr>\n",
       "      <th>486</th>\n",
       "      <td>486.jpg</td>\n",
       "      <td>0.051253</td>\n",
       "      <td>0.603911</td>\n",
       "      <td>0.344836</td>\n",
       "    </tr>\n",
       "    <tr>\n",
       "      <th>487</th>\n",
       "      <td>487.jpg</td>\n",
       "      <td>0.520829</td>\n",
       "      <td>0.464641</td>\n",
       "      <td>0.014530</td>\n",
       "    </tr>\n",
       "    <tr>\n",
       "      <th>488</th>\n",
       "      <td>488.jpg</td>\n",
       "      <td>0.065627</td>\n",
       "      <td>0.731077</td>\n",
       "      <td>0.203296</td>\n",
       "    </tr>\n",
       "    <tr>\n",
       "      <th>489</th>\n",
       "      <td>489.jpg</td>\n",
       "      <td>0.094649</td>\n",
       "      <td>0.525059</td>\n",
       "      <td>0.380292</td>\n",
       "    </tr>\n",
       "    <tr>\n",
       "      <th>490</th>\n",
       "      <td>490.jpg</td>\n",
       "      <td>0.080173</td>\n",
       "      <td>0.720083</td>\n",
       "      <td>0.199744</td>\n",
       "    </tr>\n",
       "    <tr>\n",
       "      <th>491</th>\n",
       "      <td>491.jpg</td>\n",
       "      <td>0.253940</td>\n",
       "      <td>0.604850</td>\n",
       "      <td>0.141209</td>\n",
       "    </tr>\n",
       "    <tr>\n",
       "      <th>492</th>\n",
       "      <td>492.jpg</td>\n",
       "      <td>0.066334</td>\n",
       "      <td>0.887343</td>\n",
       "      <td>0.046323</td>\n",
       "    </tr>\n",
       "    <tr>\n",
       "      <th>493</th>\n",
       "      <td>493.jpg</td>\n",
       "      <td>0.176177</td>\n",
       "      <td>0.786425</td>\n",
       "      <td>0.037398</td>\n",
       "    </tr>\n",
       "    <tr>\n",
       "      <th>494</th>\n",
       "      <td>494.jpg</td>\n",
       "      <td>0.104548</td>\n",
       "      <td>0.724041</td>\n",
       "      <td>0.171412</td>\n",
       "    </tr>\n",
       "    <tr>\n",
       "      <th>495</th>\n",
       "      <td>495.jpg</td>\n",
       "      <td>0.041646</td>\n",
       "      <td>0.904714</td>\n",
       "      <td>0.053640</td>\n",
       "    </tr>\n",
       "    <tr>\n",
       "      <th>496</th>\n",
       "      <td>496.jpg</td>\n",
       "      <td>0.139011</td>\n",
       "      <td>0.395573</td>\n",
       "      <td>0.465416</td>\n",
       "    </tr>\n",
       "    <tr>\n",
       "      <th>497</th>\n",
       "      <td>497.jpg</td>\n",
       "      <td>0.257346</td>\n",
       "      <td>0.596158</td>\n",
       "      <td>0.146496</td>\n",
       "    </tr>\n",
       "    <tr>\n",
       "      <th>498</th>\n",
       "      <td>498.jpg</td>\n",
       "      <td>0.073454</td>\n",
       "      <td>0.729598</td>\n",
       "      <td>0.196948</td>\n",
       "    </tr>\n",
       "    <tr>\n",
       "      <th>499</th>\n",
       "      <td>499.jpg</td>\n",
       "      <td>0.075453</td>\n",
       "      <td>0.330783</td>\n",
       "      <td>0.593764</td>\n",
       "    </tr>\n",
       "    <tr>\n",
       "      <th>500</th>\n",
       "      <td>500.jpg</td>\n",
       "      <td>0.110533</td>\n",
       "      <td>0.550102</td>\n",
       "      <td>0.339365</td>\n",
       "    </tr>\n",
       "    <tr>\n",
       "      <th>501</th>\n",
       "      <td>501.jpg</td>\n",
       "      <td>0.162257</td>\n",
       "      <td>0.817042</td>\n",
       "      <td>0.020701</td>\n",
       "    </tr>\n",
       "    <tr>\n",
       "      <th>502</th>\n",
       "      <td>502.jpg</td>\n",
       "      <td>0.018126</td>\n",
       "      <td>0.531797</td>\n",
       "      <td>0.450077</td>\n",
       "    </tr>\n",
       "    <tr>\n",
       "      <th>503</th>\n",
       "      <td>503.jpg</td>\n",
       "      <td>0.079892</td>\n",
       "      <td>0.346813</td>\n",
       "      <td>0.573296</td>\n",
       "    </tr>\n",
       "    <tr>\n",
       "      <th>504</th>\n",
       "      <td>504.jpg</td>\n",
       "      <td>0.099129</td>\n",
       "      <td>0.458422</td>\n",
       "      <td>0.442449</td>\n",
       "    </tr>\n",
       "    <tr>\n",
       "      <th>505</th>\n",
       "      <td>505.jpg</td>\n",
       "      <td>0.127410</td>\n",
       "      <td>0.496986</td>\n",
       "      <td>0.375604</td>\n",
       "    </tr>\n",
       "    <tr>\n",
       "      <th>506</th>\n",
       "      <td>506.jpg</td>\n",
       "      <td>0.241006</td>\n",
       "      <td>0.730817</td>\n",
       "      <td>0.028176</td>\n",
       "    </tr>\n",
       "    <tr>\n",
       "      <th>507</th>\n",
       "      <td>507.jpg</td>\n",
       "      <td>0.042970</td>\n",
       "      <td>0.805269</td>\n",
       "      <td>0.151761</td>\n",
       "    </tr>\n",
       "    <tr>\n",
       "      <th>508</th>\n",
       "      <td>508.jpg</td>\n",
       "      <td>0.024524</td>\n",
       "      <td>0.808895</td>\n",
       "      <td>0.166581</td>\n",
       "    </tr>\n",
       "    <tr>\n",
       "      <th>509</th>\n",
       "      <td>509.jpg</td>\n",
       "      <td>0.468989</td>\n",
       "      <td>0.393541</td>\n",
       "      <td>0.137469</td>\n",
       "    </tr>\n",
       "    <tr>\n",
       "      <th>510</th>\n",
       "      <td>510.jpg</td>\n",
       "      <td>0.271691</td>\n",
       "      <td>0.368009</td>\n",
       "      <td>0.360299</td>\n",
       "    </tr>\n",
       "    <tr>\n",
       "      <th>511</th>\n",
       "      <td>511.jpg</td>\n",
       "      <td>0.065869</td>\n",
       "      <td>0.305271</td>\n",
       "      <td>0.628860</td>\n",
       "    </tr>\n",
       "  </tbody>\n",
       "</table>\n",
       "<p>512 rows × 4 columns</p>\n",
       "</div>"
      ],
      "text/plain": [
       "    image_name    Type_1    Type_2    Type_3\n",
       "0        0.jpg  0.153183  0.804803  0.042014\n",
       "1        1.jpg  0.009508  0.476723  0.513769\n",
       "2        2.jpg  0.359536  0.477341  0.163124\n",
       "3        3.jpg  0.038587  0.652838  0.308575\n",
       "4        4.jpg  0.065565  0.339621  0.594814\n",
       "5        5.jpg  0.080136  0.910413  0.009450\n",
       "6        6.jpg  0.350091  0.599018  0.050891\n",
       "7        7.jpg  0.157002  0.542206  0.300792\n",
       "8        8.jpg  0.078292  0.571004  0.350704\n",
       "9        9.jpg  0.123914  0.627930  0.248156\n",
       "10      10.jpg  0.066629  0.890807  0.042564\n",
       "11      11.jpg  0.092949  0.473752  0.433300\n",
       "12      12.jpg  0.071084  0.254067  0.674849\n",
       "13      13.jpg  0.122115  0.442922  0.434963\n",
       "14      14.jpg  0.255833  0.582475  0.161692\n",
       "15      15.jpg  0.189545  0.452463  0.357992\n",
       "16      16.jpg  0.100630  0.461007  0.438363\n",
       "17      17.jpg  0.190459  0.614846  0.194695\n",
       "18      18.jpg  0.385134  0.499366  0.115501\n",
       "19      19.jpg  0.025678  0.665194  0.309127\n",
       "20      20.jpg  0.532990  0.462965  0.004045\n",
       "21      21.jpg  0.080273  0.901570  0.018157\n",
       "22      22.jpg  0.436556  0.428004  0.135440\n",
       "23      23.jpg  0.224179  0.407853  0.367968\n",
       "24      24.jpg  0.171995  0.712904  0.115101\n",
       "25      25.jpg  0.053526  0.802352  0.144122\n",
       "26      26.jpg  0.256917  0.566512  0.176571\n",
       "27      27.jpg  0.048608  0.744495  0.206897\n",
       "28      28.jpg  0.095266  0.874363  0.030370\n",
       "29      29.jpg  0.063324  0.689190  0.247486\n",
       "..         ...       ...       ...       ...\n",
       "482    482.jpg  0.794504  0.203059  0.002436\n",
       "483    483.jpg  0.463074  0.498873  0.038053\n",
       "484    484.jpg  0.121855  0.464291  0.413854\n",
       "485    485.jpg  0.038985  0.208252  0.752763\n",
       "486    486.jpg  0.051253  0.603911  0.344836\n",
       "487    487.jpg  0.520829  0.464641  0.014530\n",
       "488    488.jpg  0.065627  0.731077  0.203296\n",
       "489    489.jpg  0.094649  0.525059  0.380292\n",
       "490    490.jpg  0.080173  0.720083  0.199744\n",
       "491    491.jpg  0.253940  0.604850  0.141209\n",
       "492    492.jpg  0.066334  0.887343  0.046323\n",
       "493    493.jpg  0.176177  0.786425  0.037398\n",
       "494    494.jpg  0.104548  0.724041  0.171412\n",
       "495    495.jpg  0.041646  0.904714  0.053640\n",
       "496    496.jpg  0.139011  0.395573  0.465416\n",
       "497    497.jpg  0.257346  0.596158  0.146496\n",
       "498    498.jpg  0.073454  0.729598  0.196948\n",
       "499    499.jpg  0.075453  0.330783  0.593764\n",
       "500    500.jpg  0.110533  0.550102  0.339365\n",
       "501    501.jpg  0.162257  0.817042  0.020701\n",
       "502    502.jpg  0.018126  0.531797  0.450077\n",
       "503    503.jpg  0.079892  0.346813  0.573296\n",
       "504    504.jpg  0.099129  0.458422  0.442449\n",
       "505    505.jpg  0.127410  0.496986  0.375604\n",
       "506    506.jpg  0.241006  0.730817  0.028176\n",
       "507    507.jpg  0.042970  0.805269  0.151761\n",
       "508    508.jpg  0.024524  0.808895  0.166581\n",
       "509    509.jpg  0.468989  0.393541  0.137469\n",
       "510    510.jpg  0.271691  0.368009  0.360299\n",
       "511    511.jpg  0.065869  0.305271  0.628860\n",
       "\n",
       "[512 rows x 4 columns]"
      ]
     },
     "execution_count": 40,
     "metadata": {},
     "output_type": "execute_result"
    }
   ],
   "source": [
    "df_stg2_submission01.loc[:511,:]"
   ]
  },
  {
   "cell_type": "code",
   "execution_count": 41,
   "metadata": {
    "collapsed": false
   },
   "outputs": [],
   "source": [
    "# df_stg2_submission02.loc[:511,:]"
   ]
  },
  {
   "cell_type": "code",
   "execution_count": 42,
   "metadata": {
    "collapsed": true
   },
   "outputs": [],
   "source": [
    "df_ensemble = df_stg2_submission02\n",
    "df_ensemble[['Type_1']] = (df_stg2_submission01[['Type_1']] + df_stg2_submission02[['Type_1']]) * 0.5\n",
    "df_ensemble[['Type_2']] = (df_stg2_submission01[['Type_2']] + df_stg2_submission02[['Type_2']]) * 0.5\n",
    "df_ensemble[['Type_3']] = (df_stg2_submission01[['Type_3']] + df_stg2_submission02[['Type_3']]) * 0.5"
   ]
  },
  {
   "cell_type": "code",
   "execution_count": null,
   "metadata": {
    "collapsed": false
   },
   "outputs": [],
   "source": []
  },
  {
   "cell_type": "code",
   "execution_count": 43,
   "metadata": {
    "collapsed": false
   },
   "outputs": [
    {
     "data": {
      "text/html": [
       "<div>\n",
       "<table border=\"1\" class=\"dataframe\">\n",
       "  <thead>\n",
       "    <tr style=\"text-align: right;\">\n",
       "      <th></th>\n",
       "      <th>Type_1</th>\n",
       "      <th>Type_2</th>\n",
       "      <th>Type_3</th>\n",
       "    </tr>\n",
       "  </thead>\n",
       "  <tbody>\n",
       "    <tr>\n",
       "      <th>0</th>\n",
       "      <td>0.212355</td>\n",
       "      <td>0.650377</td>\n",
       "      <td>0.137268</td>\n",
       "    </tr>\n",
       "    <tr>\n",
       "      <th>1</th>\n",
       "      <td>0.024690</td>\n",
       "      <td>0.542767</td>\n",
       "      <td>0.432543</td>\n",
       "    </tr>\n",
       "    <tr>\n",
       "      <th>2</th>\n",
       "      <td>0.409963</td>\n",
       "      <td>0.484941</td>\n",
       "      <td>0.105096</td>\n",
       "    </tr>\n",
       "    <tr>\n",
       "      <th>3</th>\n",
       "      <td>0.104323</td>\n",
       "      <td>0.534606</td>\n",
       "      <td>0.361071</td>\n",
       "    </tr>\n",
       "    <tr>\n",
       "      <th>4</th>\n",
       "      <td>0.064445</td>\n",
       "      <td>0.393730</td>\n",
       "      <td>0.541825</td>\n",
       "    </tr>\n",
       "    <tr>\n",
       "      <th>5</th>\n",
       "      <td>0.402680</td>\n",
       "      <td>0.582744</td>\n",
       "      <td>0.014577</td>\n",
       "    </tr>\n",
       "    <tr>\n",
       "      <th>6</th>\n",
       "      <td>0.404422</td>\n",
       "      <td>0.546810</td>\n",
       "      <td>0.048768</td>\n",
       "    </tr>\n",
       "    <tr>\n",
       "      <th>7</th>\n",
       "      <td>0.194661</td>\n",
       "      <td>0.491119</td>\n",
       "      <td>0.314220</td>\n",
       "    </tr>\n",
       "    <tr>\n",
       "      <th>8</th>\n",
       "      <td>0.175526</td>\n",
       "      <td>0.627147</td>\n",
       "      <td>0.197327</td>\n",
       "    </tr>\n",
       "    <tr>\n",
       "      <th>9</th>\n",
       "      <td>0.189586</td>\n",
       "      <td>0.649825</td>\n",
       "      <td>0.160589</td>\n",
       "    </tr>\n",
       "    <tr>\n",
       "      <th>10</th>\n",
       "      <td>0.168939</td>\n",
       "      <td>0.765677</td>\n",
       "      <td>0.065384</td>\n",
       "    </tr>\n",
       "    <tr>\n",
       "      <th>11</th>\n",
       "      <td>0.085143</td>\n",
       "      <td>0.425089</td>\n",
       "      <td>0.489768</td>\n",
       "    </tr>\n",
       "    <tr>\n",
       "      <th>12</th>\n",
       "      <td>0.090891</td>\n",
       "      <td>0.326519</td>\n",
       "      <td>0.582590</td>\n",
       "    </tr>\n",
       "    <tr>\n",
       "      <th>13</th>\n",
       "      <td>0.109446</td>\n",
       "      <td>0.438023</td>\n",
       "      <td>0.452530</td>\n",
       "    </tr>\n",
       "    <tr>\n",
       "      <th>14</th>\n",
       "      <td>0.148293</td>\n",
       "      <td>0.662773</td>\n",
       "      <td>0.188934</td>\n",
       "    </tr>\n",
       "    <tr>\n",
       "      <th>15</th>\n",
       "      <td>0.118844</td>\n",
       "      <td>0.513481</td>\n",
       "      <td>0.367676</td>\n",
       "    </tr>\n",
       "    <tr>\n",
       "      <th>16</th>\n",
       "      <td>0.152095</td>\n",
       "      <td>0.417090</td>\n",
       "      <td>0.430815</td>\n",
       "    </tr>\n",
       "    <tr>\n",
       "      <th>17</th>\n",
       "      <td>0.226290</td>\n",
       "      <td>0.510191</td>\n",
       "      <td>0.263519</td>\n",
       "    </tr>\n",
       "    <tr>\n",
       "      <th>18</th>\n",
       "      <td>0.343526</td>\n",
       "      <td>0.465472</td>\n",
       "      <td>0.191002</td>\n",
       "    </tr>\n",
       "    <tr>\n",
       "      <th>19</th>\n",
       "      <td>0.037635</td>\n",
       "      <td>0.609978</td>\n",
       "      <td>0.352387</td>\n",
       "    </tr>\n",
       "    <tr>\n",
       "      <th>20</th>\n",
       "      <td>0.581542</td>\n",
       "      <td>0.404707</td>\n",
       "      <td>0.013751</td>\n",
       "    </tr>\n",
       "    <tr>\n",
       "      <th>21</th>\n",
       "      <td>0.238069</td>\n",
       "      <td>0.730907</td>\n",
       "      <td>0.031024</td>\n",
       "    </tr>\n",
       "    <tr>\n",
       "      <th>22</th>\n",
       "      <td>0.281484</td>\n",
       "      <td>0.546629</td>\n",
       "      <td>0.171887</td>\n",
       "    </tr>\n",
       "    <tr>\n",
       "      <th>23</th>\n",
       "      <td>0.196544</td>\n",
       "      <td>0.417699</td>\n",
       "      <td>0.385757</td>\n",
       "    </tr>\n",
       "    <tr>\n",
       "      <th>24</th>\n",
       "      <td>0.142389</td>\n",
       "      <td>0.726635</td>\n",
       "      <td>0.130976</td>\n",
       "    </tr>\n",
       "    <tr>\n",
       "      <th>25</th>\n",
       "      <td>0.065108</td>\n",
       "      <td>0.813556</td>\n",
       "      <td>0.121336</td>\n",
       "    </tr>\n",
       "    <tr>\n",
       "      <th>26</th>\n",
       "      <td>0.306339</td>\n",
       "      <td>0.567535</td>\n",
       "      <td>0.126126</td>\n",
       "    </tr>\n",
       "    <tr>\n",
       "      <th>27</th>\n",
       "      <td>0.050389</td>\n",
       "      <td>0.657976</td>\n",
       "      <td>0.291635</td>\n",
       "    </tr>\n",
       "    <tr>\n",
       "      <th>28</th>\n",
       "      <td>0.147717</td>\n",
       "      <td>0.782338</td>\n",
       "      <td>0.069945</td>\n",
       "    </tr>\n",
       "    <tr>\n",
       "      <th>29</th>\n",
       "      <td>0.095635</td>\n",
       "      <td>0.622989</td>\n",
       "      <td>0.281376</td>\n",
       "    </tr>\n",
       "    <tr>\n",
       "      <th>...</th>\n",
       "      <td>...</td>\n",
       "      <td>...</td>\n",
       "      <td>...</td>\n",
       "    </tr>\n",
       "    <tr>\n",
       "      <th>3988</th>\n",
       "      <td>0.273655</td>\n",
       "      <td>0.397728</td>\n",
       "      <td>0.328617</td>\n",
       "    </tr>\n",
       "    <tr>\n",
       "      <th>3989</th>\n",
       "      <td>0.203934</td>\n",
       "      <td>0.459520</td>\n",
       "      <td>0.336546</td>\n",
       "    </tr>\n",
       "    <tr>\n",
       "      <th>3990</th>\n",
       "      <td>0.310997</td>\n",
       "      <td>0.516304</td>\n",
       "      <td>0.172699</td>\n",
       "    </tr>\n",
       "    <tr>\n",
       "      <th>3991</th>\n",
       "      <td>0.213198</td>\n",
       "      <td>0.352232</td>\n",
       "      <td>0.434570</td>\n",
       "    </tr>\n",
       "    <tr>\n",
       "      <th>3992</th>\n",
       "      <td>0.247932</td>\n",
       "      <td>0.438031</td>\n",
       "      <td>0.314037</td>\n",
       "    </tr>\n",
       "    <tr>\n",
       "      <th>3993</th>\n",
       "      <td>0.198359</td>\n",
       "      <td>0.446639</td>\n",
       "      <td>0.355001</td>\n",
       "    </tr>\n",
       "    <tr>\n",
       "      <th>3994</th>\n",
       "      <td>0.422470</td>\n",
       "      <td>0.408189</td>\n",
       "      <td>0.169341</td>\n",
       "    </tr>\n",
       "    <tr>\n",
       "      <th>3995</th>\n",
       "      <td>0.208966</td>\n",
       "      <td>0.370628</td>\n",
       "      <td>0.420406</td>\n",
       "    </tr>\n",
       "    <tr>\n",
       "      <th>3996</th>\n",
       "      <td>0.211288</td>\n",
       "      <td>0.512391</td>\n",
       "      <td>0.276322</td>\n",
       "    </tr>\n",
       "    <tr>\n",
       "      <th>3997</th>\n",
       "      <td>0.194955</td>\n",
       "      <td>0.397306</td>\n",
       "      <td>0.407739</td>\n",
       "    </tr>\n",
       "    <tr>\n",
       "      <th>3998</th>\n",
       "      <td>0.253098</td>\n",
       "      <td>0.420109</td>\n",
       "      <td>0.326793</td>\n",
       "    </tr>\n",
       "    <tr>\n",
       "      <th>3999</th>\n",
       "      <td>0.221996</td>\n",
       "      <td>0.501374</td>\n",
       "      <td>0.276630</td>\n",
       "    </tr>\n",
       "    <tr>\n",
       "      <th>4000</th>\n",
       "      <td>0.195984</td>\n",
       "      <td>0.515440</td>\n",
       "      <td>0.288576</td>\n",
       "    </tr>\n",
       "    <tr>\n",
       "      <th>4001</th>\n",
       "      <td>0.354517</td>\n",
       "      <td>0.481476</td>\n",
       "      <td>0.164006</td>\n",
       "    </tr>\n",
       "    <tr>\n",
       "      <th>4002</th>\n",
       "      <td>0.192832</td>\n",
       "      <td>0.413633</td>\n",
       "      <td>0.393535</td>\n",
       "    </tr>\n",
       "    <tr>\n",
       "      <th>4003</th>\n",
       "      <td>0.269155</td>\n",
       "      <td>0.394721</td>\n",
       "      <td>0.336125</td>\n",
       "    </tr>\n",
       "    <tr>\n",
       "      <th>4004</th>\n",
       "      <td>0.238141</td>\n",
       "      <td>0.590427</td>\n",
       "      <td>0.171433</td>\n",
       "    </tr>\n",
       "    <tr>\n",
       "      <th>4005</th>\n",
       "      <td>0.226267</td>\n",
       "      <td>0.505866</td>\n",
       "      <td>0.267867</td>\n",
       "    </tr>\n",
       "    <tr>\n",
       "      <th>4006</th>\n",
       "      <td>0.215857</td>\n",
       "      <td>0.461787</td>\n",
       "      <td>0.322356</td>\n",
       "    </tr>\n",
       "    <tr>\n",
       "      <th>4007</th>\n",
       "      <td>0.181664</td>\n",
       "      <td>0.627118</td>\n",
       "      <td>0.191219</td>\n",
       "    </tr>\n",
       "    <tr>\n",
       "      <th>4008</th>\n",
       "      <td>0.244345</td>\n",
       "      <td>0.528550</td>\n",
       "      <td>0.227105</td>\n",
       "    </tr>\n",
       "    <tr>\n",
       "      <th>4009</th>\n",
       "      <td>0.243520</td>\n",
       "      <td>0.382810</td>\n",
       "      <td>0.373670</td>\n",
       "    </tr>\n",
       "    <tr>\n",
       "      <th>4010</th>\n",
       "      <td>0.655052</td>\n",
       "      <td>0.187180</td>\n",
       "      <td>0.157768</td>\n",
       "    </tr>\n",
       "    <tr>\n",
       "      <th>4011</th>\n",
       "      <td>0.239393</td>\n",
       "      <td>0.592335</td>\n",
       "      <td>0.168273</td>\n",
       "    </tr>\n",
       "    <tr>\n",
       "      <th>4012</th>\n",
       "      <td>0.289583</td>\n",
       "      <td>0.413558</td>\n",
       "      <td>0.296859</td>\n",
       "    </tr>\n",
       "    <tr>\n",
       "      <th>4013</th>\n",
       "      <td>0.277977</td>\n",
       "      <td>0.411019</td>\n",
       "      <td>0.311004</td>\n",
       "    </tr>\n",
       "    <tr>\n",
       "      <th>4014</th>\n",
       "      <td>0.214480</td>\n",
       "      <td>0.476084</td>\n",
       "      <td>0.309437</td>\n",
       "    </tr>\n",
       "    <tr>\n",
       "      <th>4015</th>\n",
       "      <td>0.215422</td>\n",
       "      <td>0.613265</td>\n",
       "      <td>0.171313</td>\n",
       "    </tr>\n",
       "    <tr>\n",
       "      <th>4016</th>\n",
       "      <td>0.211350</td>\n",
       "      <td>0.577580</td>\n",
       "      <td>0.211070</td>\n",
       "    </tr>\n",
       "    <tr>\n",
       "      <th>4017</th>\n",
       "      <td>0.293958</td>\n",
       "      <td>0.346492</td>\n",
       "      <td>0.359550</td>\n",
       "    </tr>\n",
       "  </tbody>\n",
       "</table>\n",
       "<p>4018 rows × 3 columns</p>\n",
       "</div>"
      ],
      "text/plain": [
       "        Type_1    Type_2    Type_3\n",
       "0     0.212355  0.650377  0.137268\n",
       "1     0.024690  0.542767  0.432543\n",
       "2     0.409963  0.484941  0.105096\n",
       "3     0.104323  0.534606  0.361071\n",
       "4     0.064445  0.393730  0.541825\n",
       "5     0.402680  0.582744  0.014577\n",
       "6     0.404422  0.546810  0.048768\n",
       "7     0.194661  0.491119  0.314220\n",
       "8     0.175526  0.627147  0.197327\n",
       "9     0.189586  0.649825  0.160589\n",
       "10    0.168939  0.765677  0.065384\n",
       "11    0.085143  0.425089  0.489768\n",
       "12    0.090891  0.326519  0.582590\n",
       "13    0.109446  0.438023  0.452530\n",
       "14    0.148293  0.662773  0.188934\n",
       "15    0.118844  0.513481  0.367676\n",
       "16    0.152095  0.417090  0.430815\n",
       "17    0.226290  0.510191  0.263519\n",
       "18    0.343526  0.465472  0.191002\n",
       "19    0.037635  0.609978  0.352387\n",
       "20    0.581542  0.404707  0.013751\n",
       "21    0.238069  0.730907  0.031024\n",
       "22    0.281484  0.546629  0.171887\n",
       "23    0.196544  0.417699  0.385757\n",
       "24    0.142389  0.726635  0.130976\n",
       "25    0.065108  0.813556  0.121336\n",
       "26    0.306339  0.567535  0.126126\n",
       "27    0.050389  0.657976  0.291635\n",
       "28    0.147717  0.782338  0.069945\n",
       "29    0.095635  0.622989  0.281376\n",
       "...        ...       ...       ...\n",
       "3988  0.273655  0.397728  0.328617\n",
       "3989  0.203934  0.459520  0.336546\n",
       "3990  0.310997  0.516304  0.172699\n",
       "3991  0.213198  0.352232  0.434570\n",
       "3992  0.247932  0.438031  0.314037\n",
       "3993  0.198359  0.446639  0.355001\n",
       "3994  0.422470  0.408189  0.169341\n",
       "3995  0.208966  0.370628  0.420406\n",
       "3996  0.211288  0.512391  0.276322\n",
       "3997  0.194955  0.397306  0.407739\n",
       "3998  0.253098  0.420109  0.326793\n",
       "3999  0.221996  0.501374  0.276630\n",
       "4000  0.195984  0.515440  0.288576\n",
       "4001  0.354517  0.481476  0.164006\n",
       "4002  0.192832  0.413633  0.393535\n",
       "4003  0.269155  0.394721  0.336125\n",
       "4004  0.238141  0.590427  0.171433\n",
       "4005  0.226267  0.505866  0.267867\n",
       "4006  0.215857  0.461787  0.322356\n",
       "4007  0.181664  0.627118  0.191219\n",
       "4008  0.244345  0.528550  0.227105\n",
       "4009  0.243520  0.382810  0.373670\n",
       "4010  0.655052  0.187180  0.157768\n",
       "4011  0.239393  0.592335  0.168273\n",
       "4012  0.289583  0.413558  0.296859\n",
       "4013  0.277977  0.411019  0.311004\n",
       "4014  0.214480  0.476084  0.309437\n",
       "4015  0.215422  0.613265  0.171313\n",
       "4016  0.211350  0.577580  0.211070\n",
       "4017  0.293958  0.346492  0.359550\n",
       "\n",
       "[4018 rows x 3 columns]"
      ]
     },
     "execution_count": 43,
     "metadata": {},
     "output_type": "execute_result"
    }
   ],
   "source": [
    "df_ensemble[['Type_1','Type_2','Type_3']].div(df_ensemble[['Type_1','Type_2','Type_3']].sum(axis=1), axis=0)"
   ]
  },
  {
   "cell_type": "code",
   "execution_count": 44,
   "metadata": {
    "collapsed": false
   },
   "outputs": [],
   "source": [
    "df_stg2_submission03 = df_ensemble"
   ]
  },
  {
   "cell_type": "code",
   "execution_count": 45,
   "metadata": {
    "collapsed": false
   },
   "outputs": [
    {
     "data": {
      "text/html": [
       "<div>\n",
       "<table border=\"1\" class=\"dataframe\">\n",
       "  <thead>\n",
       "    <tr style=\"text-align: right;\">\n",
       "      <th></th>\n",
       "      <th>image_name</th>\n",
       "      <th>Type_1</th>\n",
       "      <th>Type_2</th>\n",
       "      <th>Type_3</th>\n",
       "    </tr>\n",
       "  </thead>\n",
       "  <tbody>\n",
       "    <tr>\n",
       "      <th>0</th>\n",
       "      <td>0.jpg</td>\n",
       "      <td>0</td>\n",
       "      <td>1</td>\n",
       "      <td>0</td>\n",
       "    </tr>\n",
       "    <tr>\n",
       "      <th>1</th>\n",
       "      <td>1.jpg</td>\n",
       "      <td>0</td>\n",
       "      <td>1</td>\n",
       "      <td>0</td>\n",
       "    </tr>\n",
       "    <tr>\n",
       "      <th>2</th>\n",
       "      <td>2.jpg</td>\n",
       "      <td>1</td>\n",
       "      <td>0</td>\n",
       "      <td>0</td>\n",
       "    </tr>\n",
       "    <tr>\n",
       "      <th>3</th>\n",
       "      <td>3.jpg</td>\n",
       "      <td>0</td>\n",
       "      <td>0</td>\n",
       "      <td>1</td>\n",
       "    </tr>\n",
       "    <tr>\n",
       "      <th>4</th>\n",
       "      <td>4.jpg</td>\n",
       "      <td>0</td>\n",
       "      <td>0</td>\n",
       "      <td>1</td>\n",
       "    </tr>\n",
       "    <tr>\n",
       "      <th>5</th>\n",
       "      <td>5.jpg</td>\n",
       "      <td>0</td>\n",
       "      <td>1</td>\n",
       "      <td>0</td>\n",
       "    </tr>\n",
       "    <tr>\n",
       "      <th>6</th>\n",
       "      <td>6.jpg</td>\n",
       "      <td>0</td>\n",
       "      <td>1</td>\n",
       "      <td>0</td>\n",
       "    </tr>\n",
       "    <tr>\n",
       "      <th>7</th>\n",
       "      <td>7.jpg</td>\n",
       "      <td>0</td>\n",
       "      <td>1</td>\n",
       "      <td>0</td>\n",
       "    </tr>\n",
       "    <tr>\n",
       "      <th>8</th>\n",
       "      <td>8.jpg</td>\n",
       "      <td>0</td>\n",
       "      <td>1</td>\n",
       "      <td>0</td>\n",
       "    </tr>\n",
       "    <tr>\n",
       "      <th>9</th>\n",
       "      <td>9.jpg</td>\n",
       "      <td>0</td>\n",
       "      <td>1</td>\n",
       "      <td>0</td>\n",
       "    </tr>\n",
       "    <tr>\n",
       "      <th>10</th>\n",
       "      <td>10.jpg</td>\n",
       "      <td>0</td>\n",
       "      <td>1</td>\n",
       "      <td>0</td>\n",
       "    </tr>\n",
       "    <tr>\n",
       "      <th>11</th>\n",
       "      <td>11.jpg</td>\n",
       "      <td>0</td>\n",
       "      <td>0</td>\n",
       "      <td>1</td>\n",
       "    </tr>\n",
       "    <tr>\n",
       "      <th>12</th>\n",
       "      <td>12.jpg</td>\n",
       "      <td>0</td>\n",
       "      <td>1</td>\n",
       "      <td>0</td>\n",
       "    </tr>\n",
       "    <tr>\n",
       "      <th>13</th>\n",
       "      <td>13.jpg</td>\n",
       "      <td>0</td>\n",
       "      <td>0</td>\n",
       "      <td>1</td>\n",
       "    </tr>\n",
       "    <tr>\n",
       "      <th>14</th>\n",
       "      <td>14.jpg</td>\n",
       "      <td>0</td>\n",
       "      <td>1</td>\n",
       "      <td>0</td>\n",
       "    </tr>\n",
       "    <tr>\n",
       "      <th>15</th>\n",
       "      <td>15.jpg</td>\n",
       "      <td>0</td>\n",
       "      <td>0</td>\n",
       "      <td>1</td>\n",
       "    </tr>\n",
       "    <tr>\n",
       "      <th>16</th>\n",
       "      <td>16.jpg</td>\n",
       "      <td>1</td>\n",
       "      <td>0</td>\n",
       "      <td>0</td>\n",
       "    </tr>\n",
       "    <tr>\n",
       "      <th>17</th>\n",
       "      <td>17.jpg</td>\n",
       "      <td>0</td>\n",
       "      <td>1</td>\n",
       "      <td>0</td>\n",
       "    </tr>\n",
       "    <tr>\n",
       "      <th>18</th>\n",
       "      <td>18.jpg</td>\n",
       "      <td>0</td>\n",
       "      <td>1</td>\n",
       "      <td>0</td>\n",
       "    </tr>\n",
       "    <tr>\n",
       "      <th>19</th>\n",
       "      <td>19.jpg</td>\n",
       "      <td>0</td>\n",
       "      <td>0</td>\n",
       "      <td>1</td>\n",
       "    </tr>\n",
       "    <tr>\n",
       "      <th>20</th>\n",
       "      <td>20.jpg</td>\n",
       "      <td>1</td>\n",
       "      <td>0</td>\n",
       "      <td>0</td>\n",
       "    </tr>\n",
       "    <tr>\n",
       "      <th>21</th>\n",
       "      <td>21.jpg</td>\n",
       "      <td>0</td>\n",
       "      <td>1</td>\n",
       "      <td>0</td>\n",
       "    </tr>\n",
       "    <tr>\n",
       "      <th>22</th>\n",
       "      <td>22.jpg</td>\n",
       "      <td>0</td>\n",
       "      <td>1</td>\n",
       "      <td>0</td>\n",
       "    </tr>\n",
       "    <tr>\n",
       "      <th>23</th>\n",
       "      <td>23.jpg</td>\n",
       "      <td>1</td>\n",
       "      <td>0</td>\n",
       "      <td>0</td>\n",
       "    </tr>\n",
       "    <tr>\n",
       "      <th>24</th>\n",
       "      <td>24.jpg</td>\n",
       "      <td>0</td>\n",
       "      <td>1</td>\n",
       "      <td>0</td>\n",
       "    </tr>\n",
       "    <tr>\n",
       "      <th>25</th>\n",
