{
 "cells": [
  {
   "cell_type": "code",
   "execution_count": 1,
   "metadata": {
    "collapsed": true
   },
   "outputs": [],
   "source": [
    "import pandas as pd"
   ]
  },
  {
   "cell_type": "code",
   "execution_count": 12,
   "metadata": {
    "collapsed": true
   },
   "outputs": [],
   "source": [
    "import numpy as np"
   ]
  },
  {
   "cell_type": "code",
   "execution_count": null,
   "metadata": {
    "collapsed": true
   },
   "outputs": [],
   "source": []
  },
  {
   "cell_type": "code",
   "execution_count": 43,
   "metadata": {
    "collapsed": true
   },
   "outputs": [],
   "source": [
    "df_stg2_submission01 =\\\n",
    "pd.read_csv(\"/home/Kaggle_Cervical_Cancer_Screening/submission/submission_SEGPA_10_014_stg2.csv\")"
   ]
  },
  {
   "cell_type": "code",
   "execution_count": 42,
   "metadata": {
    "collapsed": true
   },
   "outputs": [],
   "source": [
    "df_stg2_submission02 =\\\n",
    "pd.read_csv(\"/home/Kaggle_Cervical_Cancer_Screening/submission/submission_LB04_stg2.csv\")"
   ]
  },
  {
   "cell_type": "code",
   "execution_count": 46,
   "metadata": {
    "collapsed": false
   },
   "outputs": [
    {
     "data": {
      "text/html": [
       "<div>\n",
       "<table border=\"1\" class=\"dataframe\">\n",
       "  <thead>\n",
       "    <tr style=\"text-align: right;\">\n",
       "      <th></th>\n",
       "      <th>image_name</th>\n",
       "      <th>Type_1</th>\n",
       "      <th>Type_2</th>\n",
       "      <th>Type_3</th>\n",
       "    </tr>\n",
       "  </thead>\n",
       "  <tbody>\n",
       "    <tr>\n",
       "      <th>0</th>\n",
       "      <td>0.jpg</td>\n",
       "      <td>0.103877</td>\n",
       "      <td>0.678252</td>\n",
       "      <td>0.217871</td>\n",
       "    </tr>\n",
       "    <tr>\n",
       "      <th>1</th>\n",
       "      <td>1.jpg</td>\n",
       "      <td>0.072694</td>\n",
       "      <td>0.455150</td>\n",
       "      <td>0.472157</td>\n",
       "    </tr>\n",
       "    <tr>\n",
       "      <th>2</th>\n",
       "      <td>2.jpg</td>\n",
       "      <td>0.759721</td>\n",
       "      <td>0.200366</td>\n",
       "      <td>0.039913</td>\n",
       "    </tr>\n",
       "    <tr>\n",
       "      <th>3</th>\n",
       "      <td>3.jpg</td>\n",
       "      <td>0.068495</td>\n",
       "      <td>0.564195</td>\n",
       "      <td>0.367310</td>\n",
       "    </tr>\n",
       "    <tr>\n",
       "      <th>4</th>\n",
       "      <td>4.jpg</td>\n",
       "      <td>0.086849</td>\n",
       "      <td>0.437533</td>\n",
       "      <td>0.475617</td>\n",
       "    </tr>\n",
       "    <tr>\n",
       "      <th>5</th>\n",
       "      <td>5.jpg</td>\n",
       "      <td>0.104526</td>\n",
       "      <td>0.874739</td>\n",
       "      <td>0.020735</td>\n",
       "    </tr>\n",
       "    <tr>\n",
       "      <th>6</th>\n",
       "      <td>6.jpg</td>\n",
       "      <td>0.477472</td>\n",
       "      <td>0.496181</td>\n",
       "      <td>0.026347</td>\n",
       "    </tr>\n",
       "    <tr>\n",
       "      <th>7</th>\n",
       "      <td>7.jpg</td>\n",
       "      <td>0.148423</td>\n",
       "      <td>0.508655</td>\n",
       "      <td>0.342922</td>\n",
       "    </tr>\n",
       "    <tr>\n",
       "      <th>8</th>\n",
       "      <td>8.jpg</td>\n",
       "      <td>0.115287</td>\n",
       "      <td>0.460276</td>\n",
       "      <td>0.424437</td>\n",
       "    </tr>\n",
       "    <tr>\n",
       "      <th>9</th>\n",
       "      <td>9.jpg</td>\n",
       "      <td>0.211622</td>\n",
       "      <td>0.593442</td>\n",
       "      <td>0.194936</td>\n",
       "    </tr>\n",
       "    <tr>\n",
       "      <th>10</th>\n",
       "      <td>10.jpg</td>\n",
       "      <td>0.088374</td>\n",
       "      <td>0.693690</td>\n",
       "      <td>0.217937</td>\n",
       "    </tr>\n",
       "    <tr>\n",
       "      <th>11</th>\n",
       "      <td>11.jpg</td>\n",
       "      <td>0.077926</td>\n",
       "      <td>0.344098</td>\n",
       "      <td>0.577976</td>\n",
       "    </tr>\n",
       "    <tr>\n",
       "      <th>12</th>\n",
       "      <td>12.jpg</td>\n",
       "      <td>0.040666</td>\n",
       "      <td>0.405973</td>\n",
       "      <td>0.553361</td>\n",
       "    </tr>\n",
       "    <tr>\n",
       "      <th>13</th>\n",
       "      <td>13.jpg</td>\n",
       "      <td>0.114038</td>\n",
       "      <td>0.439673</td>\n",
       "      <td>0.446289</td>\n",
       "    </tr>\n",
       "    <tr>\n",
       "      <th>14</th>\n",
       "      <td>14.jpg</td>\n",
       "      <td>0.081289</td>\n",
       "      <td>0.461392</td>\n",
       "      <td>0.457319</td>\n",
       "    </tr>\n",
       "    <tr>\n",
       "      <th>15</th>\n",
       "      <td>15.jpg</td>\n",
       "      <td>0.066750</td>\n",
       "      <td>0.491596</td>\n",
       "      <td>0.441654</td>\n",
       "    </tr>\n",
       "    <tr>\n",
       "      <th>16</th>\n",
       "      <td>16.jpg</td>\n",
       "      <td>0.046901</td>\n",
       "      <td>0.458380</td>\n",
       "      <td>0.494719</td>\n",
       "    </tr>\n",
       "    <tr>\n",
       "      <th>17</th>\n",
       "      <td>17.jpg</td>\n",
       "      <td>0.145043</td>\n",
       "      <td>0.562783</td>\n",
       "      <td>0.292173</td>\n",
       "    </tr>\n",
       "    <tr>\n",
       "      <th>18</th>\n",
       "      <td>18.jpg</td>\n",
       "      <td>0.131368</td>\n",
       "      <td>0.585286</td>\n",
       "      <td>0.283346</td>\n",
       "    </tr>\n",
       "    <tr>\n",
       "      <th>19</th>\n",
       "      <td>19.jpg</td>\n",
       "      <td>0.082963</td>\n",
       "      <td>0.581882</td>\n",
       "      <td>0.335155</td>\n",
       "    </tr>\n",
       "    <tr>\n",
       "      <th>20</th>\n",
       "      <td>20.jpg</td>\n",
       "      <td>0.346977</td>\n",
       "      <td>0.636644</td>\n",
       "      <td>0.016379</td>\n",
       "    </tr>\n",
       "    <tr>\n",
       "      <th>21</th>\n",
       "      <td>21.jpg</td>\n",
       "      <td>0.372576</td>\n",
       "      <td>0.593941</td>\n",
       "      <td>0.033482</td>\n",
       "    </tr>\n",
       "    <tr>\n",
       "      <th>22</th>\n",
       "      <td>22.jpg</td>\n",
       "      <td>0.131467</td>\n",
       "      <td>0.390514</td>\n",
       "      <td>0.478019</td>\n",
       "    </tr>\n",
       "    <tr>\n",
       "      <th>23</th>\n",
       "      <td>23.jpg</td>\n",
       "      <td>0.204307</td>\n",
       "      <td>0.464950</td>\n",
       "      <td>0.330743</td>\n",
       "    </tr>\n",
       "    <tr>\n",
       "      <th>24</th>\n",
       "      <td>24.jpg</td>\n",
       "      <td>0.198671</td>\n",
       "      <td>0.510550</td>\n",
       "      <td>0.290779</td>\n",
       "    </tr>\n",
       "    <tr>\n",
       "      <th>25</th>\n",
       "      <td>25.jpg</td>\n",
       "      <td>0.185006</td>\n",
       "      <td>0.451943</td>\n",
       "      <td>0.363052</td>\n",
       "    </tr>\n",
       "    <tr>\n",
       "      <th>26</th>\n",
       "      <td>26.jpg</td>\n",
       "      <td>0.175852</td>\n",
       "      <td>0.699242</td>\n",
       "      <td>0.124906</td>\n",
       "    </tr>\n",
       "    <tr>\n",
       "      <th>27</th>\n",
       "      <td>27.jpg</td>\n",
       "      <td>0.047695</td>\n",
       "      <td>0.589277</td>\n",
       "      <td>0.363028</td>\n",
       "    </tr>\n",
       "    <tr>\n",
       "      <th>28</th>\n",
       "      <td>28.jpg</td>\n",
       "      <td>0.061023</td>\n",
       "      <td>0.654676</td>\n",
       "      <td>0.284301</td>\n",
       "    </tr>\n",
       "    <tr>\n",
       "      <th>29</th>\n",
       "      <td>29.jpg</td>\n",
       "      <td>0.079112</td>\n",
       "      <td>0.503692</td>\n",
       "      <td>0.417196</td>\n",
       "    </tr>\n",
       "    <tr>\n",
       "      <th>...</th>\n",
       "      <td>...</td>\n",
       "      <td>...</td>\n",
       "      <td>...</td>\n",
       "      <td>...</td>\n",
       "    </tr>\n",
       "    <tr>\n",
       "      <th>482</th>\n",
       "      <td>482.jpg</td>\n",
       "      <td>0.515215</td>\n",
       "      <td>0.466358</td>\n",
       "      <td>0.018427</td>\n",
       "    </tr>\n",
       "    <tr>\n",
       "      <th>483</th>\n",
       "      <td>483.jpg</td>\n",
       "      <td>0.274799</td>\n",
       "      <td>0.654227</td>\n",
       "      <td>0.070974</td>\n",
       "    </tr>\n",
       "    <tr>\n",
       "      <th>484</th>\n",
       "      <td>484.jpg</td>\n",
       "      <td>0.079411</td>\n",
       "      <td>0.479585</td>\n",
       "      <td>0.441004</td>\n",
       "    </tr>\n",
       "    <tr>\n",
       "      <th>485</th>\n",
       "      <td>485.jpg</td>\n",
       "      <td>0.100902</td>\n",
       "      <td>0.426132</td>\n",
       "      <td>0.472966</td>\n",
       "    </tr>\n",
       "    <tr>\n",
       "      <th>486</th>\n",
       "      <td>486.jpg</td>\n",
       "      <td>0.106043</td>\n",
       "      <td>0.441464</td>\n",
       "      <td>0.452493</td>\n",
       "    </tr>\n",
       "    <tr>\n",
       "      <th>487</th>\n",
       "      <td>487.jpg</td>\n",
       "      <td>0.612646</td>\n",
       "      <td>0.368656</td>\n",
       "      <td>0.018698</td>\n",
       "    </tr>\n",
       "    <tr>\n",
       "      <th>488</th>\n",
       "      <td>488.jpg</td>\n",
       "      <td>0.152693</td>\n",
       "      <td>0.446698</td>\n",
       "      <td>0.400608</td>\n",
       "    </tr>\n",
       "    <tr>\n",
       "      <th>489</th>\n",
       "      <td>489.jpg</td>\n",
       "      <td>0.241249</td>\n",
       "      <td>0.483280</td>\n",
       "      <td>0.275471</td>\n",
       "    </tr>\n",
       "    <tr>\n",
       "      <th>490</th>\n",
       "      <td>490.jpg</td>\n",
       "      <td>0.090808</td>\n",
       "      <td>0.638323</td>\n",
       "      <td>0.270869</td>\n",
       "    </tr>\n",
       "    <tr>\n",
       "      <th>491</th>\n",
       "      <td>491.jpg</td>\n",
       "      <td>0.085720</td>\n",
       "      <td>0.522135</td>\n",
       "      <td>0.392146</td>\n",
       "    </tr>\n",
       "    <tr>\n",
       "      <th>492</th>\n",
       "      <td>492.jpg</td>\n",
       "      <td>0.107619</td>\n",
       "      <td>0.826824</td>\n",
       "      <td>0.065558</td>\n",
       "    </tr>\n",
       "    <tr>\n",
       "      <th>493</th>\n",
       "      <td>493.jpg</td>\n",
       "      <td>0.219095</td>\n",
       "      <td>0.624200</td>\n",
       "      <td>0.156705</td>\n",
       "    </tr>\n",
       "    <tr>\n",
       "      <th>494</th>\n",
       "      <td>494.jpg</td>\n",
       "      <td>0.181657</td>\n",
       "      <td>0.460912</td>\n",
       "      <td>0.357431</td>\n",
       "    </tr>\n",
       "    <tr>\n",
       "      <th>495</th>\n",
       "      <td>495.jpg</td>\n",
       "      <td>0.118817</td>\n",
       "      <td>0.589512</td>\n",
       "      <td>0.291671</td>\n",
       "    </tr>\n",
       "    <tr>\n",
       "      <th>496</th>\n",
       "      <td>496.jpg</td>\n",
       "      <td>0.278260</td>\n",
       "      <td>0.352675</td>\n",
       "      <td>0.369065</td>\n",
       "    </tr>\n",
       "    <tr>\n",
       "      <th>497</th>\n",
       "      <td>497.jpg</td>\n",
       "      <td>0.289118</td>\n",
       "      <td>0.612032</td>\n",
       "      <td>0.098850</td>\n",
       "    </tr>\n",
       "    <tr>\n",
       "      <th>498</th>\n",
       "      <td>498.jpg</td>\n",
       "      <td>0.297771</td>\n",
       "      <td>0.493444</td>\n",
       "      <td>0.208785</td>\n",
       "    </tr>\n",
       "    <tr>\n",
       "      <th>499</th>\n",
       "      <td>499.jpg</td>\n",
       "      <td>0.036826</td>\n",
       "      <td>0.396978</td>\n",
       "      <td>0.566195</td>\n",
       "    </tr>\n",
       "    <tr>\n",
       "      <th>500</th>\n",
       "      <td>500.jpg</td>\n",
       "      <td>0.159173</td>\n",
       "      <td>0.441531</td>\n",
       "      <td>0.399296</td>\n",
       "    </tr>\n",
       "    <tr>\n",
       "      <th>501</th>\n",
       "      <td>501.jpg</td>\n",
       "      <td>0.344280</td>\n",
       "      <td>0.626534</td>\n",
       "      <td>0.029186</td>\n",
       "    </tr>\n",
       "    <tr>\n",
       "      <th>502</th>\n",
       "      <td>502.jpg</td>\n",
       "      <td>0.093692</td>\n",
       "      <td>0.441053</td>\n",
       "      <td>0.465256</td>\n",
       "    </tr>\n",
       "    <tr>\n",
       "      <th>503</th>\n",
       "      <td>503.jpg</td>\n",
       "      <td>0.098369</td>\n",
       "      <td>0.385069</td>\n",
       "      <td>0.516562</td>\n",
       "    </tr>\n",
       "    <tr>\n",
       "      <th>504</th>\n",
       "      <td>504.jpg</td>\n",
       "      <td>0.093435</td>\n",
       "      <td>0.414105</td>\n",
       "      <td>0.492459</td>\n",
       "    </tr>\n",
       "    <tr>\n",
       "      <th>505</th>\n",
       "      <td>505.jpg</td>\n",
       "      <td>0.134912</td>\n",
       "      <td>0.514380</td>\n",
       "      <td>0.350708</td>\n",
       "    </tr>\n",
       "    <tr>\n",
       "      <th>506</th>\n",
       "      <td>506.jpg</td>\n",
       "      <td>0.367457</td>\n",
       "      <td>0.551488</td>\n",
       "      <td>0.081056</td>\n",
       "    </tr>\n",
       "    <tr>\n",
       "      <th>507</th>\n",
       "      <td>507.jpg</td>\n",
       "      <td>0.181442</td>\n",
       "      <td>0.634143</td>\n",
       "      <td>0.184415</td>\n",
       "    </tr>\n",
       "    <tr>\n",
       "      <th>508</th>\n",
       "      <td>508.jpg</td>\n",
       "      <td>0.131242</td>\n",
       "      <td>0.529641</td>\n",
       "      <td>0.339117</td>\n",
       "    </tr>\n",
       "    <tr>\n",
       "      <th>509</th>\n",
       "      <td>509.jpg</td>\n",
       "      <td>0.194664</td>\n",
       "      <td>0.563745</td>\n",
       "      <td>0.241591</td>\n",
       "    </tr>\n",
       "    <tr>\n",
       "      <th>510</th>\n",
       "      <td>510.jpg</td>\n",
       "      <td>0.086164</td>\n",
       "      <td>0.501467</td>\n",
       "      <td>0.412369</td>\n",
       "    </tr>\n",
       "    <tr>\n",
       "      <th>511</th>\n",
       "      <td>511.jpg</td>\n",
       "      <td>0.089418</td>\n",
       "      <td>0.267122</td>\n",
       "      <td>0.643460</td>\n",
       "    </tr>\n",
       "  </tbody>\n",
       "</table>\n",
       "<p>512 rows × 4 columns</p>\n",
       "</div>"
      ],
      "text/plain": [
       "    image_name    Type_1    Type_2    Type_3\n",
       "0        0.jpg  0.103877  0.678252  0.217871\n",
       "1        1.jpg  0.072694  0.455150  0.472157\n",
       "2        2.jpg  0.759721  0.200366  0.039913\n",
       "3        3.jpg  0.068495  0.564195  0.367310\n",
       "4        4.jpg  0.086849  0.437533  0.475617\n",
       "5        5.jpg  0.104526  0.874739  0.020735\n",
       "6        6.jpg  0.477472  0.496181  0.026347\n",
       "7        7.jpg  0.148423  0.508655  0.342922\n",
       "8        8.jpg  0.115287  0.460276  0.424437\n",
       "9        9.jpg  0.211622  0.593442  0.194936\n",
       "10      10.jpg  0.088374  0.693690  0.217937\n",
       "11      11.jpg  0.077926  0.344098  0.577976\n",
       "12      12.jpg  0.040666  0.405973  0.553361\n",
       "13      13.jpg  0.114038  0.439673  0.446289\n",
       "14      14.jpg  0.081289  0.461392  0.457319\n",
       "15      15.jpg  0.066750  0.491596  0.441654\n",
       "16      16.jpg  0.046901  0.458380  0.494719\n",
       "17      17.jpg  0.145043  0.562783  0.292173\n",
       "18      18.jpg  0.131368  0.585286  0.283346\n",
       "19      19.jpg  0.082963  0.581882  0.335155\n",
       "20      20.jpg  0.346977  0.636644  0.016379\n",
       "21      21.jpg  0.372576  0.593941  0.033482\n",
       "22      22.jpg  0.131467  0.390514  0.478019\n",
       "23      23.jpg  0.204307  0.464950  0.330743\n",
       "24      24.jpg  0.198671  0.510550  0.290779\n",
       "25      25.jpg  0.185006  0.451943  0.363052\n",
       "26      26.jpg  0.175852  0.699242  0.124906\n",
       "27      27.jpg  0.047695  0.589277  0.363028\n",
       "28      28.jpg  0.061023  0.654676  0.284301\n",
       "29      29.jpg  0.079112  0.503692  0.417196\n",
       "..         ...       ...       ...       ...\n",
       "482    482.jpg  0.515215  0.466358  0.018427\n",
       "483    483.jpg  0.274799  0.654227  0.070974\n",
       "484    484.jpg  0.079411  0.479585  0.441004\n",
       "485    485.jpg  0.100902  0.426132  0.472966\n",
       "486    486.jpg  0.106043  0.441464  0.452493\n",
       "487    487.jpg  0.612646  0.368656  0.018698\n",
       "488    488.jpg  0.152693  0.446698  0.400608\n",
       "489    489.jpg  0.241249  0.483280  0.275471\n",
       "490    490.jpg  0.090808  0.638323  0.270869\n",
       "491    491.jpg  0.085720  0.522135  0.392146\n",
       "492    492.jpg  0.107619  0.826824  0.065558\n",
       "493    493.jpg  0.219095  0.624200  0.156705\n",
       "494    494.jpg  0.181657  0.460912  0.357431\n",
       "495    495.jpg  0.118817  0.589512  0.291671\n",
       "496    496.jpg  0.278260  0.352675  0.369065\n",
       "497    497.jpg  0.289118  0.612032  0.098850\n",
       "498    498.jpg  0.297771  0.493444  0.208785\n",
       "499    499.jpg  0.036826  0.396978  0.566195\n",
       "500    500.jpg  0.159173  0.441531  0.399296\n",
       "501    501.jpg  0.344280  0.626534  0.029186\n",
       "502    502.jpg  0.093692  0.441053  0.465256\n",
       "503    503.jpg  0.098369  0.385069  0.516562\n",
       "504    504.jpg  0.093435  0.414105  0.492459\n",
       "505    505.jpg  0.134912  0.514380  0.350708\n",
       "506    506.jpg  0.367457  0.551488  0.081056\n",
       "507    507.jpg  0.181442  0.634143  0.184415\n",
       "508    508.jpg  0.131242  0.529641  0.339117\n",
       "509    509.jpg  0.194664  0.563745  0.241591\n",
       "510    510.jpg  0.086164  0.501467  0.412369\n",
       "511    511.jpg  0.089418  0.267122  0.643460\n",
       "\n",
       "[512 rows x 4 columns]"
      ]
     },
     "execution_count": 46,
     "metadata": {},
     "output_type": "execute_result"
    }
   ],
   "source": [
    "df_stg2_submission01.loc[:511,:]"
   ]
  },
  {
   "cell_type": "code",
   "execution_count": 28,
   "metadata": {
    "collapsed": false
   },
   "outputs": [],
   "source": [
    "# df_stg2_submission02.loc[:511,:]"
   ]
  },
  {
   "cell_type": "code",
   "execution_count": 44,
   "metadata": {
    "collapsed": true
   },
   "outputs": [],
   "source": [
    "df_ensemble = df_stg2_submission02\n",
    "df_ensemble[['Type_1']] = (df_stg2_submission01[['Type_1']] + df_stg2_submission02[['Type_1']]) * 0.5\n",
    "df_ensemble[['Type_2']] = (df_stg2_submission01[['Type_2']] + df_stg2_submission02[['Type_2']]) * 0.5\n",
    "df_ensemble[['Type_3']] = (df_stg2_submission01[['Type_3']] + df_stg2_submission02[['Type_3']]) * 0.5"
   ]
  },
  {
   "cell_type": "code",
   "execution_count": null,
   "metadata": {
    "collapsed": false
   },
   "outputs": [],
   "source": []
  },
  {
   "cell_type": "code",
   "execution_count": 45,
   "metadata": {
    "collapsed": false
   },
   "outputs": [
    {
     "data": {
      "text/html": [
       "<div>\n",
       "<table border=\"1\" class=\"dataframe\">\n",
       "  <thead>\n",
       "    <tr style=\"text-align: right;\">\n",
       "      <th></th>\n",
       "      <th>Type_1</th>\n",
       "      <th>Type_2</th>\n",
       "      <th>Type_3</th>\n",
       "    </tr>\n",
       "  </thead>\n",
       "  <tbody>\n",
       "    <tr>\n",
       "      <th>0</th>\n",
       "      <td>0.187702</td>\n",
       "      <td>0.587101</td>\n",
       "      <td>0.225196</td>\n",
       "    </tr>\n",
       "    <tr>\n",
       "      <th>1</th>\n",
       "      <td>0.056283</td>\n",
       "      <td>0.531980</td>\n",
       "      <td>0.411737</td>\n",
       "    </tr>\n",
       "    <tr>\n",
       "      <th>2</th>\n",
       "      <td>0.610055</td>\n",
       "      <td>0.346454</td>\n",
       "      <td>0.043491</td>\n",
       "    </tr>\n",
       "    <tr>\n",
       "      <th>3</th>\n",
       "      <td>0.119277</td>\n",
       "      <td>0.490285</td>\n",
       "      <td>0.390438</td>\n",
       "    </tr>\n",
       "    <tr>\n",
       "      <th>4</th>\n",
       "      <td>0.075088</td>\n",
       "      <td>0.442686</td>\n",
       "      <td>0.482226</td>\n",
       "    </tr>\n",
       "    <tr>\n",
       "      <th>5</th>\n",
       "      <td>0.414875</td>\n",
       "      <td>0.564906</td>\n",
       "      <td>0.020219</td>\n",
       "    </tr>\n",
       "    <tr>\n",
       "      <th>6</th>\n",
       "      <td>0.468112</td>\n",
       "      <td>0.495392</td>\n",
       "      <td>0.036496</td>\n",
       "    </tr>\n",
       "    <tr>\n",
       "      <th>7</th>\n",
       "      <td>0.190372</td>\n",
       "      <td>0.474344</td>\n",
       "      <td>0.335285</td>\n",
       "    </tr>\n",
       "    <tr>\n",
       "      <th>8</th>\n",
       "      <td>0.194024</td>\n",
       "      <td>0.571784</td>\n",
       "      <td>0.234193</td>\n",
       "    </tr>\n",
       "    <tr>\n",
       "      <th>9</th>\n",
       "      <td>0.233440</td>\n",
       "      <td>0.632581</td>\n",
       "      <td>0.133979</td>\n",
       "    </tr>\n",
       "    <tr>\n",
       "      <th>10</th>\n",
       "      <td>0.179812</td>\n",
       "      <td>0.667118</td>\n",
       "      <td>0.153070</td>\n",
       "    </tr>\n",
       "    <tr>\n",
       "      <th>11</th>\n",
       "      <td>0.077632</td>\n",
       "      <td>0.360262</td>\n",
       "      <td>0.562106</td>\n",
       "    </tr>\n",
       "    <tr>\n",
       "      <th>12</th>\n",
       "      <td>0.075682</td>\n",
       "      <td>0.402472</td>\n",
       "      <td>0.521846</td>\n",
       "    </tr>\n",
       "    <tr>\n",
       "      <th>13</th>\n",
       "      <td>0.105408</td>\n",
       "      <td>0.436399</td>\n",
       "      <td>0.458193</td>\n",
       "    </tr>\n",
       "    <tr>\n",
       "      <th>14</th>\n",
       "      <td>0.061021</td>\n",
       "      <td>0.602231</td>\n",
       "      <td>0.336748</td>\n",
       "    </tr>\n",
       "    <tr>\n",
       "      <th>15</th>\n",
       "      <td>0.057446</td>\n",
       "      <td>0.533047</td>\n",
       "      <td>0.409507</td>\n",
       "    </tr>\n",
       "    <tr>\n",
       "      <th>16</th>\n",
       "      <td>0.125231</td>\n",
       "      <td>0.415776</td>\n",
       "      <td>0.458993</td>\n",
       "    </tr>\n",
       "    <tr>\n",
       "      <th>17</th>\n",
       "      <td>0.203582</td>\n",
       "      <td>0.484159</td>\n",
       "      <td>0.312259</td>\n",
       "    </tr>\n",
       "    <tr>\n",
       "      <th>18</th>\n",
       "      <td>0.216643</td>\n",
       "      <td>0.508432</td>\n",
       "      <td>0.274925</td>\n",
       "    </tr>\n",
       "    <tr>\n",
       "      <th>19</th>\n",
       "      <td>0.066277</td>\n",
       "      <td>0.568322</td>\n",
       "      <td>0.365401</td>\n",
       "    </tr>\n",
       "    <tr>\n",
       "      <th>20</th>\n",
       "      <td>0.488536</td>\n",
       "      <td>0.491546</td>\n",
       "      <td>0.019918</td>\n",
       "    </tr>\n",
       "    <tr>\n",
       "      <th>21</th>\n",
       "      <td>0.384221</td>\n",
       "      <td>0.577093</td>\n",
       "      <td>0.038687</td>\n",
       "    </tr>\n",
       "    <tr>\n",
       "      <th>22</th>\n",
       "      <td>0.128939</td>\n",
       "      <td>0.527884</td>\n",
       "      <td>0.343176</td>\n",
       "    </tr>\n",
       "    <tr>\n",
       "      <th>23</th>\n",
       "      <td>0.186607</td>\n",
       "      <td>0.446248</td>\n",
       "      <td>0.367144</td>\n",
       "    </tr>\n",
       "    <tr>\n",
       "      <th>24</th>\n",
       "      <td>0.155727</td>\n",
       "      <td>0.625458</td>\n",
       "      <td>0.218815</td>\n",
       "    </tr>\n",
       "    <tr>\n",
       "      <th>25</th>\n",
       "      <td>0.130848</td>\n",
       "      <td>0.638352</td>\n",
       "      <td>0.230801</td>\n",
       "    </tr>\n",
       "    <tr>\n",
       "      <th>26</th>\n",
       "      <td>0.265807</td>\n",
       "      <td>0.633900</td>\n",
       "      <td>0.100293</td>\n",
       "    </tr>\n",
       "    <tr>\n",
       "      <th>27</th>\n",
       "      <td>0.049933</td>\n",
       "      <td>0.580367</td>\n",
       "      <td>0.369701</td>\n",
       "    </tr>\n",
       "    <tr>\n",
       "      <th>28</th>\n",
       "      <td>0.130596</td>\n",
       "      <td>0.672494</td>\n",
       "      <td>0.196910</td>\n",
       "    </tr>\n",
       "    <tr>\n",
       "      <th>29</th>\n",
       "      <td>0.103529</td>\n",
       "      <td>0.530240</td>\n",
       "      <td>0.366231</td>\n",
       "    </tr>\n",
       "    <tr>\n",
       "      <th>...</th>\n",
       "      <td>...</td>\n",
       "      <td>...</td>\n",
       "      <td>...</td>\n",
       "    </tr>\n",
       "    <tr>\n",
       "      <th>3988</th>\n",
       "      <td>0.291149</td>\n",
       "      <td>0.401053</td>\n",
       "      <td>0.307798</td>\n",
       "    </tr>\n",
       "    <tr>\n",
       "      <th>3989</th>\n",
       "      <td>0.186976</td>\n",
       "      <td>0.451313</td>\n",
       "      <td>0.361710</td>\n",
       "    </tr>\n",
       "    <tr>\n",
       "      <th>3990</th>\n",
       "      <td>0.464558</td>\n",
       "      <td>0.355383</td>\n",
       "      <td>0.180059</td>\n",
       "    </tr>\n",
       "    <tr>\n",
       "      <th>3991</th>\n",
       "      <td>0.210267</td>\n",
       "      <td>0.576860</td>\n",
       "      <td>0.212874</td>\n",
       "    </tr>\n",
       "    <tr>\n",
       "      <th>3992</th>\n",
       "      <td>0.256981</td>\n",
       "      <td>0.420536</td>\n",
       "      <td>0.322483</td>\n",
       "    </tr>\n",
       "    <tr>\n",
       "      <th>3993</th>\n",
       "      <td>0.202621</td>\n",
       "      <td>0.438731</td>\n",
       "      <td>0.358648</td>\n",
       "    </tr>\n",
       "    <tr>\n",
       "      <th>3994</th>\n",
       "      <td>0.296538</td>\n",
       "      <td>0.451960</td>\n",
       "      <td>0.251502</td>\n",
       "    </tr>\n",
       "    <tr>\n",
       "      <th>3995</th>\n",
       "      <td>0.198059</td>\n",
       "      <td>0.489369</td>\n",
       "      <td>0.312572</td>\n",
       "    </tr>\n",
       "    <tr>\n",
       "      <th>3996</th>\n",
       "      <td>0.191850</td>\n",
       "      <td>0.639505</td>\n",
       "      <td>0.168646</td>\n",
       "    </tr>\n",
       "    <tr>\n",
       "      <th>3997</th>\n",
       "      <td>0.225973</td>\n",
       "      <td>0.414768</td>\n",
       "      <td>0.359258</td>\n",
       "    </tr>\n",
       "    <tr>\n",
       "      <th>3998</th>\n",
       "      <td>0.272980</td>\n",
       "      <td>0.362589</td>\n",
       "      <td>0.364431</td>\n",
       "    </tr>\n",
       "    <tr>\n",
       "      <th>3999</th>\n",
       "      <td>0.226039</td>\n",
       "      <td>0.386897</td>\n",
       "      <td>0.387063</td>\n",
       "    </tr>\n",
       "    <tr>\n",
       "      <th>4000</th>\n",
       "      <td>0.270382</td>\n",
       "      <td>0.493952</td>\n",
       "      <td>0.235666</td>\n",
       "    </tr>\n",
       "    <tr>\n",
       "      <th>4001</th>\n",
       "      <td>0.242690</td>\n",
       "      <td>0.588970</td>\n",
       "      <td>0.168340</td>\n",
       "    </tr>\n",
       "    <tr>\n",
       "      <th>4002</th>\n",
       "      <td>0.305829</td>\n",
       "      <td>0.404912</td>\n",
       "      <td>0.289259</td>\n",
       "    </tr>\n",
       "    <tr>\n",
       "      <th>4003</th>\n",
       "      <td>0.263981</td>\n",
       "      <td>0.399768</td>\n",
       "      <td>0.336251</td>\n",
       "    </tr>\n",
       "    <tr>\n",
       "      <th>4004</th>\n",
       "      <td>0.245501</td>\n",
       "      <td>0.565328</td>\n",
       "      <td>0.189171</td>\n",
       "    </tr>\n",
       "    <tr>\n",
       "      <th>4005</th>\n",
       "      <td>0.253158</td>\n",
       "      <td>0.443834</td>\n",
       "      <td>0.303008</td>\n",
       "    </tr>\n",
       "    <tr>\n",
       "      <th>4006</th>\n",
       "      <td>0.265201</td>\n",
       "      <td>0.411541</td>\n",
       "      <td>0.323258</td>\n",
       "    </tr>\n",
       "    <tr>\n",
       "      <th>4007</th>\n",
       "      <td>0.204439</td>\n",
       "      <td>0.599846</td>\n",
       "      <td>0.195715</td>\n",
       "    </tr>\n",
       "    <tr>\n",
       "      <th>4008</th>\n",
       "      <td>0.213389</td>\n",
       "      <td>0.418668</td>\n",
       "      <td>0.367943</td>\n",
       "    </tr>\n",
       "    <tr>\n",
       "      <th>4009</th>\n",
       "      <td>0.354221</td>\n",
       "      <td>0.436408</td>\n",
       "      <td>0.209371</td>\n",
       "    </tr>\n",
       "    <tr>\n",
       "      <th>4010</th>\n",
       "      <td>0.396944</td>\n",
       "      <td>0.440134</td>\n",
       "      <td>0.162922</td>\n",
       "    </tr>\n",
       "    <tr>\n",
       "      <th>4011</th>\n",
       "      <td>0.260247</td>\n",
       "      <td>0.550497</td>\n",
       "      <td>0.189256</td>\n",
       "    </tr>\n",
       "    <tr>\n",
       "      <th>4012</th>\n",
       "      <td>0.261599</td>\n",
       "      <td>0.374433</td>\n",
       "      <td>0.363967</td>\n",
       "    </tr>\n",
       "    <tr>\n",
       "      <th>4013</th>\n",
       "      <td>0.239684</td>\n",
       "      <td>0.375168</td>\n",
       "      <td>0.385149</td>\n",
       "    </tr>\n",
       "    <tr>\n",
       "      <th>4014</th>\n",
       "      <td>0.195860</td>\n",
       "      <td>0.447877</td>\n",
       "      <td>0.356263</td>\n",
       "    </tr>\n",
       "    <tr>\n",
       "      <th>4015</th>\n",
       "      <td>0.203666</td>\n",
       "      <td>0.626148</td>\n",
       "      <td>0.170185</td>\n",
       "    </tr>\n",
       "    <tr>\n",
       "      <th>4016</th>\n",
       "      <td>0.264337</td>\n",
       "      <td>0.402158</td>\n",
       "      <td>0.333505</td>\n",
       "    </tr>\n",
       "    <tr>\n",
       "      <th>4017</th>\n",
       "      <td>0.244328</td>\n",
       "      <td>0.497882</td>\n",
       "      <td>0.257791</td>\n",
       "    </tr>\n",
       "  </tbody>\n",
       "</table>\n",
       "<p>4018 rows × 3 columns</p>\n",
       "</div>"
      ],
      "text/plain": [
       "        Type_1    Type_2    Type_3\n",
       "0     0.187702  0.587101  0.225196\n",
       "1     0.056283  0.531980  0.411737\n",
       "2     0.610055  0.346454  0.043491\n",
       "3     0.119277  0.490285  0.390438\n",
       "4     0.075088  0.442686  0.482226\n",
       "5     0.414875  0.564906  0.020219\n",
       "6     0.468112  0.495392  0.036496\n",
       "7     0.190372  0.474344  0.335285\n",
       "8     0.194024  0.571784  0.234193\n",
       "9     0.233440  0.632581  0.133979\n",
       "10    0.179812  0.667118  0.153070\n",
       "11    0.077632  0.360262  0.562106\n",
       "12    0.075682  0.402472  0.521846\n",
       "13    0.105408  0.436399  0.458193\n",
       "14    0.061021  0.602231  0.336748\n",
       "15    0.057446  0.533047  0.409507\n",
       "16    0.125231  0.415776  0.458993\n",
       "17    0.203582  0.484159  0.312259\n",
       "18    0.216643  0.508432  0.274925\n",
       "19    0.066277  0.568322  0.365401\n",
       "20    0.488536  0.491546  0.019918\n",
       "21    0.384221  0.577093  0.038687\n",
       "22    0.128939  0.527884  0.343176\n",
       "23    0.186607  0.446248  0.367144\n",
       "24    0.155727  0.625458  0.218815\n",
       "25    0.130848  0.638352  0.230801\n",
       "26    0.265807  0.633900  0.100293\n",
       "27    0.049933  0.580367  0.369701\n",
       "28    0.130596  0.672494  0.196910\n",
       "29    0.103529  0.530240  0.366231\n",
       "...        ...       ...       ...\n",
       "3988  0.291149  0.401053  0.307798\n",
       "3989  0.186976  0.451313  0.361710\n",
       "3990  0.464558  0.355383  0.180059\n",
       "3991  0.210267  0.576860  0.212874\n",
       "3992  0.256981  0.420536  0.322483\n",
       "3993  0.202621  0.438731  0.358648\n",
       "3994  0.296538  0.451960  0.251502\n",
       "3995  0.198059  0.489369  0.312572\n",
       "3996  0.191850  0.639505  0.168646\n",
       "3997  0.225973  0.414768  0.359258\n",
       "3998  0.272980  0.362589  0.364431\n",
       "3999  0.226039  0.386897  0.387063\n",
       "4000  0.270382  0.493952  0.235666\n",
       "4001  0.242690  0.588970  0.168340\n",
       "4002  0.305829  0.404912  0.289259\n",
       "4003  0.263981  0.399768  0.336251\n",
       "4004  0.245501  0.565328  0.189171\n",
       "4005  0.253158  0.443834  0.303008\n",
       "4006  0.265201  0.411541  0.323258\n",
       "4007  0.204439  0.599846  0.195715\n",
       "4008  0.213389  0.418668  0.367943\n",
       "4009  0.354221  0.436408  0.209371\n",
       "4010  0.396944  0.440134  0.162922\n",
       "4011  0.260247  0.550497  0.189256\n",
       "4012  0.261599  0.374433  0.363967\n",
       "4013  0.239684  0.375168  0.385149\n",
       "4014  0.195860  0.447877  0.356263\n",
       "4015  0.203666  0.626148  0.170185\n",
       "4016  0.264337  0.402158  0.333505\n",
       "4017  0.244328  0.497882  0.257791\n",
       "\n",
       "[4018 rows x 3 columns]"
      ]
     },
     "execution_count": 45,
     "metadata": {},
     "output_type": "execute_result"
    }
   ],
   "source": [
    "df_ensemble[['Type_1','Type_2','Type_3']].div(df_ensemble[['Type_1','Type_2','Type_3']].sum(axis=1), axis=0)"
   ]
  },
  {
   "cell_type": "code",
   "execution_count": 57,
   "metadata": {
    "collapsed": false
   },
   "outputs": [],
   "source": [
    "df_stg2_submission03 = df_ensemble"
   ]
  },
  {
   "cell_type": "code",
   "execution_count": 40,
   "metadata": {
    "collapsed": false
   },
   "outputs": [
    {
     "data": {
      "text/html": [
       "<div>\n",
       "<table border=\"1\" class=\"dataframe\">\n",
       "  <thead>\n",
       "    <tr style=\"text-align: right;\">\n",
       "      <th></th>\n",
       "      <th>image_name</th>\n",
       "      <th>Type_1</th>\n",
       "      <th>Type_2</th>\n",
       "      <th>Type_3</th>\n",
       "    </tr>\n",
       "  </thead>\n",
       "  <tbody>\n",
       "    <tr>\n",
       "      <th>0</th>\n",
       "      <td>0.jpg</td>\n",
       "      <td>0</td>\n",
       "      <td>1</td>\n",
       "      <td>0</td>\n",
       "    </tr>\n",
       "    <tr>\n",
       "      <th>1</th>\n",
       "      <td>1.jpg</td>\n",
       "      <td>0</td>\n",
       "      <td>1</td>\n",
       "      <td>0</td>\n",
       "    </tr>\n",
       "    <tr>\n",
       "      <th>2</th>\n",
       "      <td>2.jpg</td>\n",
       "      <td>1</td>\n",
       "      <td>0</td>\n",
       "      <td>0</td>\n",
       "    </tr>\n",
       "    <tr>\n",
       "      <th>3</th>\n",
       "      <td>3.jpg</td>\n",
       "      <td>0</td>\n",
       "      <td>0</td>\n",
       "      <td>1</td>\n",
       "    </tr>\n",
       "    <tr>\n",
       "      <th>4</th>\n",
       "      <td>4.jpg</td>\n",
       "      <td>0</td>\n",
       "      <td>0</td>\n",
       "      <td>1</td>\n",
       "    </tr>\n",
       "    <tr>\n",
       "      <th>5</th>\n",
       "      <td>5.jpg</td>\n",
       "      <td>0</td>\n",
       "      <td>1</td>\n",
       "      <td>0</td>\n",
       "    </tr>\n",
       "    <tr>\n",
       "      <th>6</th>\n",
       "      <td>6.jpg</td>\n",
       "      <td>0</td>\n",
       "      <td>1</td>\n",
       "      <td>0</td>\n",
       "    </tr>\n",
       "    <tr>\n",
       "      <th>7</th>\n",
       "      <td>7.jpg</td>\n",
       "      <td>0</td>\n",
       "      <td>1</td>\n",
       "      <td>0</td>\n",
       "    </tr>\n",
       "    <tr>\n",
       "      <th>8</th>\n",
       "      <td>8.jpg</td>\n",
       "      <td>0</td>\n",
       "      <td>1</td>\n",
       "      <td>0</td>\n",
       "    </tr>\n",
       "    <tr>\n",
       "      <th>9</th>\n",
       "      <td>9.jpg</td>\n",
       "      <td>0</td>\n",
       "      <td>1</td>\n",
       "      <td>0</td>\n",
       "    </tr>\n",
       "    <tr>\n",
       "      <th>10</th>\n",
       "      <td>10.jpg</td>\n",
       "      <td>0</td>\n",
       "      <td>1</td>\n",
       "      <td>0</td>\n",
       "    </tr>\n",
       "    <tr>\n",
       "      <th>11</th>\n",
       "      <td>11.jpg</td>\n",
       "      <td>0</td>\n",
       "      <td>0</td>\n",
       "      <td>1</td>\n",
       "    </tr>\n",
       "    <tr>\n",
       "      <th>12</th>\n",
       "      <td>12.jpg</td>\n",
       "      <td>0</td>\n",
       "      <td>1</td>\n",
       "      <td>0</td>\n",
       "    </tr>\n",
       "    <tr>\n",
       "      <th>13</th>\n",
       "      <td>13.jpg</td>\n",
       "      <td>0</td>\n",
       "      <td>0</td>\n",
       "      <td>1</td>\n",
       "    </tr>\n",
       "    <tr>\n",
       "      <th>14</th>\n",
       "      <td>14.jpg</td>\n",
       "      <td>0</td>\n",
       "      <td>1</td>\n",
       "      <td>0</td>\n",
       "    </tr>\n",
       "    <tr>\n",
       "      <th>15</th>\n",
       "      <td>15.jpg</td>\n",
       "      <td>0</td>\n",
       "      <td>0</td>\n",
       "      <td>1</td>\n",
       "    </tr>\n",
       "    <tr>\n",
       "      <th>16</th>\n",
       "      <td>16.jpg</td>\n",
       "      <td>1</td>\n",
       "      <td>0</td>\n",
       "      <td>0</td>\n",
       "    </tr>\n",
       "    <tr>\n",
       "      <th>17</th>\n",
       "      <td>17.jpg</td>\n",
       "      <td>0</td>\n",
       "      <td>1</td>\n",
       "      <td>0</td>\n",
       "    </tr>\n",
       "    <tr>\n",
       "      <th>18</th>\n",
       "      <td>18.jpg</td>\n",
       "      <td>0</td>\n",
       "      <td>1</td>\n",
       "      <td>0</td>\n",
       "    </tr>\n",
       "    <tr>\n",
       "      <th>19</th>\n",
       "      <td>19.jpg</td>\n",
       "      <td>0</td>\n",
       "      <td>0</td>\n",
       "      <td>1</td>\n",
       "    </tr>\n",
       "    <tr>\n",
       "      <th>20</th>\n",
       "      <td>20.jpg</td>\n",
       "      <td>1</td>\n",
       "      <td>0</td>\n",
       "      <td>0</td>\n",
       "    </tr>\n",
       "    <tr>\n",
       "      <th>21</th>\n",
       "      <td>21.jpg</td>\n",
       "      <td>0</td>\n",
       "      <td>1</td>\n",
       "      <td>0</td>\n",
       "    </tr>\n",
       "    <tr>\n",
       "      <th>22</th>\n",
       "      <td>22.jpg</td>\n",
       "      <td>0</td>\n",
       "      <td>1</td>\n",
       "      <td>0</td>\n",
       "    </tr>\n",
       "    <tr>\n",
       "      <th>23</th>\n",
       "      <td>23.jpg</td>\n",
       "      <td>1</td>\n",
       "      <td>0</td>\n",
       "      <td>0</td>\n",
       "    </tr>\n",
       "    <tr>\n",
       "      <th>24</th>\n",
       "      <td>24.jpg</td>\n",
       "      <td>0</td>\n",
       "      <td>1</td>\n",
       "      <td>0</td>\n",
       "    </tr>\n",
       "    <tr>\n",
       "      <th>25</th>\n",
